43.32 45.07 47.27 47.96 48.19 47.40 47.96 47.88 48.14 47.80 47.70 47.25 47.57 47.84 47.98 48.44 47.29 48.08 47.35 47.54 48.89 47.98 47.27 47.71 48.27 47.59 47.01 47.39 46.57 43.16 
44.78 46.31 47.97 49.25 49.28 48.69 48.63 48.79 49.66 49.88 49.17 49.10 49.47 48.52 49.76 49.71 49.03 49.93 49.24 49.51 50.18 48.65 49.36 49.04 49.38 49.17 48.81 49.61 46.23 45.10 
46.84 48.46 50.69 50.48 50.35 51.19 50.89 49.77 50.66 50.27 49.58 50.81 49.76 50.77 49.93 49.87 50.97 51.02 51.20 50.99 49.77 49.97 50.13 49.97 49.90 50.62 50.96 49.27 48.05 47.89 
47.44 48.16 50.46 50.77 50.37 51.31 50.05 50.59 51.06 50.70 51.19 50.84 50.76 50.70 51.22 50.89 50.40 50.42 50.35 50.66 50.69 51.42 50.56 51.02 50.80 50.68 51.24 50.88 48.55 47.46 
47.76 48.90 49.84 50.23 49.60 50.02 49.78 50.89 50.02 50.76 50.43 50.84 49.95 50.80 51.07 51.18 51.21 50.04 49.76 51.30 50.44 49.79 49.94 50.43 48.63 50.34 50.45 49.98 48.94 48.16 
47.86 48.74 50.21 51.39 49.68 48.95 50.77 50.74 51.43 50.46 50.80 49.77 49.51 49.90 50.35 51.31 49.94 49.68 50.13 50.52 50.36 49.90 49.92 50.69 51.75 50.22 49.48 50.40 48.98 48.41 
47.16 49.73 50.58 51.11 49.61 49.81 49.77 51.56 49.43 50.31 49.34 51.12 50.45 49.42 49.97 49.08 50.03 50.28 50.06 50.20 50.80 50.60 50.41 51.47 51.13 50.53 51.49 50.37 49.60 47.22 
47.68 49.28 50.13 50.22 50.28 50.07 50.83 51.09 50.82 50.95 49.52 50.24 50.53 49.89 50.25 50.14 49.87 49.96 49.91 51.18 49.68 50.02 50.53 50.78 50.70 50.18 50.47 50.03 49.70 48.17 
47.90 48.83 50.83 50.86 50.43 49.50 50.45 50.77 50.37 50.47 49.73 50.74 50.69 49.91 50.33 50.31 51.25 50.75 50.77 50.01 50.10 50.29 50.53 49.55 49.39 49.49 51.20 50.45 49.68 47.72 
48.48 49.26 51.36 51.10 50.18 50.33 50.38 50.26 49.85 50.88 50.16 49.56 49.83 50.29 48.69 49.85 50.23 50.38 50.37 49.69 49.94 50.15 49.80 51.18 50.28 49.62 50.46 49.79 49.14 47.72 
48.02 47.38 51.53 49.99 50.15 50.94 49.96 50.09 50.56 50.05 50.43 49.43 49.85 50.72 50.09 49.97 51.14 49.88 50.08 50.44 49.35 50.97 50.40 50.66 50.40 49.70 51.56 50.40 48.97 47.78 
46.97 49.89 49.86 50.12 50.33 48.89 50.75 50.25 50.37 49.74 50.23 50.85 50.01 49.57 50.34 50.47 50.55 49.17 51.00 49.87 50.01 50.62 49.75 50.47 50.17 50.17 50.21 50.19 49.46 47.43 
48.00 49.72 50.33 51.01 50.32 50.80 50.62 50.98 51.24 50.46 51.09 50.84 50.58 50.76 50.16 50.91 50.54 50.49 50.47 50.21 51.67 50.81 50.56 50.74 50.02 49.96 51.75 49.96 49.24 47.33 
46.92 48.59 50.33 50.26 50.39 50.27 50.26 50.76 51.23 50.61 50.78 50.76 50.31 50.64 49.91 50.58 51.09 50.74 50.37 50.26 50.78 49.57 50.17 49.49 50.62 49.91 50.14 50.54 48.31 46.76 
45.59 46.21 48.36 49.01 49.32 49.26 49.23 49.01 49.52 49.94 50.21 48.97 48.17 49.49 49.96 49.20 49.56 50.08 48.89 49.74 49.40 50.16 49.08 50.04 49.27 49.29 49.43 48.38 46.33 45.46 
43.06 46.34 46.94 47.42 48.22 47.47 47.67 47.72 48.03 48.23 47.42 48.59 48.68 48.05 46.79 48.37 48.63 47.59 47.40 47.41 47.51 47.20 47.35 48.16 48.41 47.48 47.45 46.96 45.44 44.02 
