35.32 33.03 33.39 33.15 33.96 34.10 33.73 33.19 33.39 32.87 33.01 33.29 33.51 34.72 33.69 33.10 34.29 33.41 34.15 33.85 32.40 32.70 33.08 33.12 33.43 32.99 32.93 34.26 32.50 35.23 
34.00 33.08 32.83 32.84 32.65 32.39 33.29 32.48 32.58 32.39 32.52 32.72 32.72 32.78 33.09 33.24 32.43 33.27 32.93 32.76 33.11 32.49 33.24 32.79 32.90 32.13 32.40 32.87 32.59 33.98 
32.92 32.66 31.54 31.88 32.45 31.25 31.69 31.92 31.84 32.10 32.20 31.62 31.90 31.20 31.64 31.49 31.85 32.25 31.62 31.51 31.43 31.51 33.33 32.13 31.34 32.22 33.33 31.54 32.65 33.02 
33.06 33.17 31.65 31.42 32.53 32.26 31.73 31.84 31.84 32.03 30.98 32.32 32.12 32.07 31.65 31.46 32.16 32.16 32.07 31.78 31.78 31.76 30.95 31.15 32.10 32.34 31.61 32.16 32.30 33.95 
33.87 32.24 31.95 31.91 31.61 31.30 32.04 31.80 32.09 32.28 31.91 32.23 31.38 32.04 32.82 31.90 31.74 32.55 31.24 31.48 31.40 31.58 32.30 32.40 30.49 31.60 31.67 32.19 33.09 33.11 
33.27 32.27 31.64 31.23 31.60 31.67 32.30 31.78 31.94 31.79 31.27 31.35 31.55 31.95 32.74 31.40 32.13 31.88 32.53 32.38 31.71 31.61 31.96 31.87 32.49 31.99 32.19 31.17 32.40 33.26 
33.26 32.62 32.08 31.67 31.33 32.42 31.26 32.34 31.33 32.49 32.40 31.29 32.15 32.51 31.27 31.85 31.67 31.13 32.09 31.73 32.76 31.92 32.36 31.36 31.54 31.12 31.82 32.00 32.93 33.87 
34.19 33.30 32.16 31.52 32.14 32.12 31.78 32.04 31.51 31.96 32.06 31.90 32.26 31.93 32.14 32.23 31.98 32.21 32.41 31.96 32.55 32.28 31.99 31.35 31.97 32.03 32.70 31.80 33.32 33.69 
33.25 33.02 31.90 32.26 31.12 31.90 32.26 31.40 31.76 32.14 31.28 32.10 32.37 32.59 31.75 31.60 31.56 30.40 31.42 31.26 30.82 32.32 32.36 31.55 31.87 31.45 31.01 32.56 33.45 33.20 
33.50 32.87 32.32 31.76 31.88 31.97 31.31 32.35 31.00 32.14 32.36 32.99 31.60 31.31 32.24 32.17 31.33 31.47 32.45 31.65 32.17 32.32 31.80 31.09 32.13 32.32 31.84 32.08 32.85 33.11 
33.35 32.51 31.74 31.78 31.45 31.40 32.04 31.98 32.19 32.68 32.18 31.66 31.77 31.90 31.64 31.97 31.97 32.25 32.12 31.97 31.86 32.54 31.23 31.74 31.78 32.00 32.11 32.61 33.97 33.34 
32.41 32.87 32.05 31.82 32.00 31.37 32.98 31.79 31.66 31.66 32.48 31.84 31.55 31.86 32.54 32.76 31.56 32.28 31.79 32.59 31.73 31.65 31.86 31.35 30.98 31.32 31.83 31.89 32.99 32.90 
34.01 32.33 31.13 32.28 31.34 31.24 31.70 30.73 31.88 31.55 32.05 30.49 31.10 32.66 32.75 31.53 32.37 32.78 31.82 31.82 31.40 31.87 31.75 31.96 32.57 30.89 31.76 32.15 32.31 33.06 
32.89 32.71 31.53 32.39 31.99 32.01 32.41 31.74 31.37 32.20 32.70 31.84 31.47 31.34 32.12 32.34 31.84 31.93 31.70 32.03 31.77 31.59 32.57 32.04 31.72 32.57 31.78 31.09 33.04 34.11 
32.67 33.45 32.50 32.33 33.16 33.00 33.16 32.21 33.51 32.53 32.69 32.09 32.24 32.28 32.56 32.53 32.94 32.32 32.05 32.77 31.49 32.27 32.75 33.35 33.16 32.52 32.60 32.83 32.17 33.55 
35.11 32.98 33.70 33.56 33.17 33.72 34.11 32.70 34.18 33.45 32.52 33.29 33.04 33.37 33.30 33.96 34.01 34.04 33.17 34.00 33.32 34.27 33.65 33.27 34.07 33.08 33.34 32.83 33.37 34.10 
