85.77 88.01 88.92 89.30 89.30 89.38 89.66 89.19 89.42 89.90 88.84 89.46 90.16 89.20 87.46 84.97 
87.66 89.16 90.26 90.52 90.11 89.72 90.19 89.85 90.35 90.16 90.43 89.97 90.52 90.79 89.36 87.76 
89.59 90.20 90.61 90.88 90.70 90.45 90.12 90.40 91.04 90.54 90.70 89.97 91.03 90.95 90.15 89.10 
89.69 90.94 90.86 91.15 90.52 90.58 90.53 90.71 90.77 90.36 90.82 90.71 90.86 91.18 90.49 89.08 
89.04 90.13 90.62 90.86 90.01 90.22 90.23 89.75 89.96 90.84 90.24 90.87 90.79 90.36 90.20 89.53 
89.12 90.16 90.60 90.43 90.08 90.48 90.13 90.55 90.36 90.44 89.67 90.08 90.98 90.65 89.69 89.33 
89.29 90.29 90.49 90.75 90.67 90.18 90.17 90.14 90.42 90.29 90.50 89.86 90.70 90.56 90.52 89.23 
89.16 90.16 90.29 90.67 90.53 90.50 90.80 90.10 90.33 89.90 90.28 90.44 90.09 90.75 89.71 88.83 
89.26 90.32 90.81 90.33 90.15 90.13 90.32 90.47 90.05 89.63 90.34 90.79 90.53 90.74 90.13 89.94 
89.58 90.69 90.30 89.82 89.80 90.33 89.93 90.06 90.03 90.40 89.97 89.96 90.38 90.10 90.58 89.14 
89.39 90.36 90.26 91.00 90.50 89.73 89.98 89.78 90.45 89.95 90.38 89.98 90.81 90.88 90.47 89.51 
89.46 90.55 90.58 90.85 90.95 90.21 90.43 90.00 90.46 89.90 90.16 90.07 90.77 90.60 90.64 88.93 
89.59 90.75 90.58 91.22 90.82 90.70 90.19 90.55 90.83 90.69 89.99 90.62 91.18 91.37 90.25 89.51 
88.41 89.75 90.89 91.20 90.63 90.53 90.63 90.43 90.89 90.99 90.74 90.48 91.34 90.72 90.30 89.31 
87.82 89.24 90.05 90.64 90.92 90.33 90.19 89.65 89.69 90.25 90.16 90.34 90.43 90.33 88.95 87.91 
85.87 88.46 88.99 89.65 89.57 89.14 89.29 89.77 89.71 89.12 89.34 89.20 89.38 89.26 87.52 85.91 
